2 1 30 30 
-765 -1530 -2295 -2295 -2295 -2295 -2295 -2295 -2295 -2295 -2295 -2295 -2295 -2295 -2295 -2295 -2295 -2295 -2295 -2295 -2295 -2295 -2295 -2295 -2295 -2295 -2295 -2295 -1530 -765 
-1530 3825 2295 2295 2295 2295 2295 2295 2295 2295 2295 2295 2295 2295 2295 2295 2295 2295 2295 2295 2295 2295 2295 2295 2295 2295 2295 2295 3825 -1530 
-2295 2295 0 0 0 0 0 0 0 0 0 0 0 0 0 0 0 0 0 0 0 0 0 0 0 0 0 0 2295 -2295 
-2295 2295 0 0 0 0 0 0 0 0 0 0 0 38 138 190 152 52 0 0 0 0 0 0 0 0 0 0 2295 -2295 
-2295 2295 0 0 0 0 0 0 0 0 0 0 0 160 53 -323 -51 182 0 0 0 0 0 0 0 0 0 0 2295 -2295 
-2295 2295 0 0 0 0 0 0 0 0 0 0 0 295 -433 -233 -483 317 0 0 0 0 0 0 0 0 0 0 2295 -2295 
-2295 2295 0 0 0 0 0 0 0 0 0 0 38 430 -380 -18 -410 400 0 0 0 0 0 0 0 0 0 0 2295 -2295 
-2295 2295 0 0 0 0 0 0 0 0 0 0 160 223 -245 0 -405 405 0 0 0 0 0 0 0 0 0 0 2295 -2295 
-2295 2295 0 0 0 0 0 0 0 0 0 0 295 -398 -110 -55 -460 350 0 0 38 138 190 152 52 0 0 0 2295 -2295 
-2295 2295 0 0 0 38 156 291 388 405 405 405 662 -283 -13 -55 170 620 405 405 443 201 -310 -51 182 0 0 0 2295 -2295 
-2295 2295 0 0 0 160 71 -379 -422 -405 -405 -405 -270 -135 0 -56 -189 -324 -403 -405 -367 -267 -220 -483 317 0 0 0 2295 -2295 
-2295 2295 0 0 0 290 -420 -132 -17 0 0 0 0 0 0 -1 10 -17 2 0 0 0 -60 -465 345 0 0 0 2295 -2295 
-2295 2295 0 0 0 316 -449 -144 -190 -325 -405 -350 -215 -80 0 -1 1 -82 -216 -353 -405 -405 -460 -235 215 0 0 0 2295 -2295 
-2295 2295 0 0 0 194 -112 -536 -100 485 443 625 400 -88 -3 -3 -3 -88 441 639 457 405 350 215 80 0 0 0 2295 -2295 
-2295 2295 0 0 0 64 199 279 215 80 160 135 -261 -88 -72 -45 -72 -88 -266 83 234 52 0 0 0 0 0 0 2295 -2295 
-2295 2295 0 0 0 0 0 0 0 38 333 -368 -118 -63 -262 288 -278 -76 -93 -271 83 234 52 0 0 0 0 0 2295 -2295 
-2295 2295 0 0 0 0 0 38 156 329 341 -245 -13 -190 -34 480 23 -277 -76 -93 -271 83 234 52 0 0 0 0 2295 -2295 
-2295 2295 0 0 0 0 38 203 114 -336 -249 -97 -55 -380 430 144 263 21 -277 -76 -93 -271 83 234 52 0 0 0 2295 -2295 
-2295 2295 0 0 0 38 203 161 -290 -122 -17 -55 -245 -155 215 0 64 263 21 -277 -76 -93 -266 154 357 170 52 0 2295 -2295 
-2295 2295 0 0 0 156 114 -290 -113 -63 -190 -380 -155 295 80 0 0 64 263 21 -277 -76 -88 -240 -305 -33 182 0 2295 -2295 
-2295 2295 0 0 0 220 -445 -193 -63 -245 -20 430 215 80 0 0 0 0 64 263 21 -277 -71 -17 -160 -520 262 0 2295 -2295 
-2295 2295 0 0 0 182 -124 -493 -460 -155 295 80 0 0 0 0 0 0 0 64 263 -43 -476 -405 -465 -240 210 0 2295 -2295 
-2295 2295 0 0 0 64 199 334 350 215 80 0 0 0 0 0 0 0 0 0 64 199 334 405 350 215 80 0 2295 -2295 
-2295 2295 0 0 0 0 0 0 0 0 0 0 0 0 0 0 0 0 0 0 0 0 0 0 0 0 0 0 2295 -2295 
-2295 2295 0 0 0 0 0 0 0 0 0 0 0 0 0 0 0 0 0 0 0 0 0 0 0 0 0 0 2295 -2295 
-2295 2295 0 0 0 0 0 0 0 0 0 0 0 0 0 0 0 0 0 0 0 0 0 0 0 0 0 0 2295 -2295 
-2295 2295 0 0 0 0 0 0 0 0 0 0 0 0 0 0 0 0 0 0 0 0 0 0 0 0 0 0 2295 -2295 
-2295 2295 0 0 0 0 0 0 0 0 0 0 0 0 0 0 0 0 0 0 0 0 0 0 0 0 0 0 2295 -2295 
-1530 3825 2295 2295 2295 2295 2295 2295 2295 2295 2295 2295 2295 2295 2295 2295 2295 2295 2295 2295 2295 2295 2295 2295 2295 2295 2295 2295 3825 -1530 
-765 -1530 -2295 -2295 -2295 -2295 -2295 -2295 -2295 -2295 -2295 -2295 -2295 -2295 -2295 -2295 -2295 -2295 -2295 -2295 -2295 -2295 -2295 -2295 -2295 -2295 -2295 -2295 -1530 -765 
-765 -1530 -2295 -2295 -2295 -2295 -2295 -2295 -2295 -2295 -2295 -2295 -2295 -2164 -1817 -1643 -1774 -2121 -2295 -2295 -2295 -2295 -2295 -2295 -2295 -2295 -2295 -2295 -1530 -765 
-1530 3825 2295 2295 2295 2295 2295 2295 2295 2295 2295 2295 2295 2846 2478 1157 2163 2918 2295 2295 2295 2295 2295 2295 2295 2295 2295 2295 3825 -1530 
-2295 2295 0 0 0 0 0 0 0 0 0 0 0 1015 -1490 -799 -1505 1261 174 0 0 0 0 0 0 0 0 0 2295 -2295 
-2295 2295 0 0 0 0 0 0 0 0 0 0 0 1333 -1451 -74 -784 434 623 0 0 0 0 0 0 0 0 0 2295 -2295 
-2295 2295 0 0 0 0 0 0 0 0 0 0 0 1132 -1517 -260 -305 -1562 1087 0 0 0 0 0 0 0 0 0 2295 -2295 
-2295 2295 0 0 0 0 0 0 0 0 0 0 0 668 89 -724 -15 -1407 1377 0 0 0 0 0 0 0 0 0 2295 -2295 
-2295 2295 0 0 0 0 0 0 0 0 0 0 0 219 1611 -1173 0 -1392 1392 0 0 0 0 0 0 0 0 0 2295 -2295 
-2295 2295 0 0 0 0 0 0 0 131 536 1000 1333 1392 2320 -928 0 -928 2320 1392 1333 1043 579 174 0 0 0 0 2295 -2295 
-2295 2295 0 0 0 0 0 0 131 697 387 -1282 -1451 -1392 -928 -464 0 -464 -928 -1392 -1451 -1225 -74 623 0 0 0 0 2295 -2295 
-2295 2295 0 0 0 0 0 131 711 562 -972 -421 -59 0 0 0 0 0 0 0 -59 -364 -1621 1087 0 0 0 0 2295 -2295 
-2295 2295 0 0 0 0 0 551 417 -1082 -376 -219 -654 -1118 -928 -464 0 -464 -928 -928 -464 -15 -1407 1377 0 0 0 0 2295 -2295 
-2295 2295 0 0 0 0 0 1015 -1387 -400 -304 -944 -162 1666 2320 -928 0 -928 2320 2320 -928 0 -1392 1392 0 0 0 0 2295 -2295 
-2295 2295 0 0 0 0 0 1333 -1450 -58 -304 1187 1361 274 1392 -1392 0 -1392 1392 1392 -1392 0 -1392 1392 0 0 0 0 2295 -2295 
-2295 2295 0 0 0 0 0 1132 -1517 -260 -305 -1388 1666 1043 2261 -928 0 -928 2320 2318 -930 -2 -1392 1392 0 0 0 0 2295 -2295 
-2295 2295 0 0 0 0 0 668 89 -724 -14 -768 1319 -1210 -987 -464 0 -464 -928 -930 -448 -2 -1392 1392 0 0 0 0 2295 -2295 
-2295 2295 0 0 0 0 0 219 1596 -1188 -16 -300 -350 -349 -59 0 0 0 0 -2 -3 -193 -1583 1202 0 0 0 0 2295 -2295 
-2295 2295 0 0 0 0 0 0 1132 -1517 -355 -77 -241 -595 -595 -449 0 -464 -928 -1392 -1393 -1574 -801 738 0 0 0 0 2295 -2295 
-2295 2295 0 0 0 0 0 0 668 -375 -1748 -598 -1590 -629 2518 -913 0 -928 2320 1392 1391 1201 737 274 0 0 0 0 2295 -2295 
-2295 2295 0 0 0 0 0 0 219 683 1053 1342 800 841 1725 -1377 0 -1392 1392 0 0 0 0 0 0 0 0 0 2295 -2295 
-2295 2295 0 0 0 0 0 0 0 0 0 44 44 44 1377 -1407 -15 -1173 1611 219 0 0 0 0 0 0 0 0 2295 -2295 
-2295 2295 0 0 0 0 0 0 0 0 0 0 0 0 1173 -1476 -219 -724 89 668 0 0 0 0 0 0 0 0 2295 -2295 
-2295 2295 0 0 0 0 0 0 0 0 0 0 0 0 724 -224 -668 -260 -1517 1132 0 0 0 0 0 0 0 0 2295 -2295 
-2295 2295 0 0 0 0 0 0 0 0 0 0 0 0 275 1517 -1132 -30 -1407 1377 0 0 0 0 0 0 0 0 2295 -2295 
-2295 2295 0 0 0 0 0 0 0 0 0 0 0 0 15 1147 -1502 -450 -1582 1202 0 0 0 0 0 0 0 0 2295 -2295 
-2295 2295 0 0 0 0 0 0 0 0 0 0 0 0 0 668 -375 -1842 -800 738 0 0 0 0 0 0 0 0 2295 -2295 
-2295 2295 0 0 0 0 0 0 0 0 0 0 0 0 0 219 683 957 738 274 0 0 0 0 0 0 0 0 2295 -2295 
-2295 2295 0 0 0 0 0 0 0 0 0 0 0 0 0 0 0 0 0 0 0 0 0 0 0 0 0 0 2295 -2295 
-2295 2295 0 0 0 0 0 0 0 0 0 0 0 0 0 0 0 0 0 0 0 0 0 0 0 0 0 0 2295 -2295 
-1530 3825 2295 2295 2295 2295 2295 2295 2295 2295 2295 2295 2295 2295 2295 2295 2295 2295 2295 2295 2295 2295 2295 2295 2295 2295 2295 2295 3825 -1530 
-765 -1530 -2295 -2295 -2295 -2295 -2295 -2295 -2295 -2295 -2295 -2295 -2295 -2295 -2295 -2295 -2295 -2295 -2295 -2295 -2295 -2295 -2295 -2295 -2295 -2295 -2295 -2295 -1530 -765 
