2 1 30 30 
-765 -1530 -2295 -2295 -2295 -2295 -2295 -2295 -2295 -2295 -2295 -2295 -2295 -2295 -2295 -2295 -2295 -2295 -2295 -2295 -2295 -2295 -2295 -2295 -2295 -2295 -2295 -2295 -1530 -765 
-1530 3825 2295 2295 2295 2295 2295 2295 2295 2295 2295 2295 2295 2295 2295 2295 2295 2295 2295 2295 2295 2295 2295 2295 2295 2295 2295 2295 3825 -1530 
-2295 2295 0 0 0 0 0 0 0 0 0 0 0 0 0 0 0 0 0 0 0 0 0 0 0 0 0 0 2295 -2295 
-2295 2295 0 0 0 0 0 0 0 0 0 0 0 38 138 190 152 52 0 0 0 0 0 0 0 0 0 0 2295 -2295 
-2295 2295 0 0 0 0 0 0 0 0 0 0 0 160 53 -323 -51 182 0 0 0 0 0 0 0 0 0 0 2295 -2295 
-2295 2295 0 0 0 0 0 0 0 0 0 0 0 295 -433 -233 -483 317 0 0 0 0 0 0 0 0 0 0 2295 -2295 
-2295 2295 0 0 0 0 0 0 0 0 0 0 38 430 -380 -18 -410 400 0 0 0 0 0 0 0 0 0 0 2295 -2295 
-2295 2295 0 0 0 0 0 0 0 0 0 0 160 223 -245 0 -405 405 0 0 0 0 0 0 0 0 0 0 2295 -2295 
-2295 2295 0 0 0 0 0 0 0 0 0 0 295 -398 -110 -55 -460 350 0 0 38 138 190 152 52 0 0 0 2295 -2295 
-2295 2295 0 0 0 38 156 291 388 405 405 405 662 -283 -13 -55 170 620 405 405 443 201 -310 -51 182 0 0 0 2295 -2295 
-2295 2295 0 0 0 160 71 -379 -422 -405 -405 -405 -270 -135 0 -56 -189 -324 -403 -405 -367 -267 -220 -483 317 0 0 0 2295 -2295 
-2295 2295 0 0 0 290 -420 -132 -17 0 0 0 0 0 0 -1 10 -17 2 0 0 0 -60 -465 345 0 0 0 2295 -2295 
-2295 2295 0 0 0 316 -449 -144 -190 -325 -405 -350 -215 -80 0 -1 1 -82 -216 -353 -405 -405 -460 -235 215 0 0 0 2295 -2295 
-2295 2295 0 0 0 194 -112 -536 -100 485 443 625 400 -88 -3 -3 -3 -88 441 639 457 405 350 215 80 0 0 0 2295 -2295 
-2295 2295 0 0 0 64 199 279 215 80 160 135 -261 -88 -72 -45 -72 -88 -266 83 234 52 0 0 0 0 0 0 2295 -2295 
-2295 2295 0 0 0 0 0 0 0 38 333 -368 -118 -63 -262 288 -278 -76 -93 -271 83 234 52 0 0 0 0 0 2295 -2295 
-2295 2295 0 0 0 0 0 38 156 329 341 -245 -13 -190 -34 480 23 -277 -76 -93 -271 83 234 52 0 0 0 0 2295 -2295 
-2295 2295 0 0 0 0 38 203 114 -336 -249 -97 -55 -380 430 144 263 21 -277 -76 -93 -271 83 234 52 0 0 0 2295 -2295 
-2295 2295 0 0 0 38 203 161 -290 -122 -17 -55 -245 -155 215 0 64 263 21 -277 -76 -93 -266 154 357 170 52 0 2295 -2295 
-2295 2295 0 0 0 156 114 -290 -113 -63 -190 -380 -155 295 80 0 0 64 263 21 -277 -76 -88 -240 -305 -33 182 0 2295 -2295 
-2295 2295 0 0 0 220 -445 -193 -63 -245 -20 430 215 80 0 0 0 0 64 263 21 -277 -71 -17 -160 -520 262 0 2295 -2295 
-2295 2295 0 0 0 182 -124 -493 -460 -155 295 80 0 0 0 0 0 0 0 64 263 -43 -476 -405 -465 -240 210 0 2295 -2295 
-2295 2295 0 0 0 64 199 334 350 215 80 0 0 0 0 0 0 0 0 0 64 199 334 405 350 215 80 0 2295 -2295 
-2295 2295 0 0 0 0 0 0 0 0 0 0 0 0 0 0 0 0 0 0 0 0 0 0 0 0 0 0 2295 -2295 
-2295 2295 0 0 0 0 0 0 0 0 0 0 0 0 0 0 0 0 0 0 0 0 0 0 0 0 0 0 2295 -2295 
-2295 2295 0 0 0 0 0 0 0 0 0 0 0 0 0 0 0 0 0 0 0 0 0 0 0 0 0 0 2295 -2295 
-2295 2295 0 0 0 0 0 0 0 0 0 0 0 0 0 0 0 0 0 0 0 0 0 0 0 0 0 0 2295 -2295 
-2295 2295 0 0 0 0 0 0 0 0 0 0 0 0 0 0 0 0 0 0 0 0 0 0 0 0 0 0 2295 -2295 
-1530 3825 2295 2295 2295 2295 2295 2295 2295 2295 2295 2295 2295 2295 2295 2295 2295 2295 2295 2295 2295 2295 2295 2295 2295 2295 2295 2295 3825 -1530 
-765 -1530 -2295 -2295 -2295 -2295 -2295 -2295 -2295 -2295 -2295 -2295 -2295 -2295 -2295 -2295 -2295 -2295 -2295 -2295 -2295 -2295 -2295 -2295 -2295 -2295 -2295 -2295 -1530 -765 
-765 -1530 -2295 -2295 -2295 -2295 -2295 -2295 -2295 -2295 -2295 -2295 -2295 -2295 -2295 -2295 -2295 -2295 -2295 -2295 -2295 -2295 -2295 -2295 -2295 -2295 -2295 -2295 -1530 -765 
-1530 3825 2295 2295 2295 2295 2295 2295 2295 2295 2295 2295 2295 2295 2295 2295 2295 2295 2295 2295 2295 2295 2295 2295 2295 2295 2295 2295 3825 -1530 
-2295 2295 0 0 0 0 0 0 0 0 0 0 0 0 0 0 0 0 0 0 0 0 0 0 0 0 0 0 2295 -2295 
-2295 2295 0 0 0 0 0 0 0 0 0 0 0 0 0 0 0 0 0 0 0 0 0 0 0 0 0 0 2295 -2295 
-2295 2295 0 0 0 0 0 0 0 0 0 0 0 0 0 0 0 0 0 0 0 0 0 0 0 0 0 0 2295 -2295 
-2295 2295 0 0 0 0 0 0 0 0 0 0 0 0 0 0 0 0 0 0 0 0 0 0 0 0 0 0 2295 -2295 
-2295 2295 0 0 0 0 0 0 0 0 0 0 0 0 0 0 0 0 0 0 0 0 0 0 0 0 0 0 2295 -2295 
-2295 2295 0 0 0 0 0 0 0 0 0 0 0 0 0 0 0 0 0 0 0 0 0 0 0 0 0 0 2295 -2295 
-2295 2295 0 0 0 0 0 0 0 0 0 0 0 0 0 0 0 0 0 0 0 0 0 0 0 0 0 0 2295 -2295 
-2295 2295 0 0 0 0 0 0 0 0 0 0 0 0 0 0 0 0 0 0 0 0 0 0 0 0 0 0 2295 -2295 
-2295 2295 0 0 0 0 0 0 216 885 1650 2199 2295 2199 1746 981 312 0 216 885 1650 2103 1722 957 288 0 0 0 2295 -2295 
-2295 2295 0 0 0 216 885 1650 2415 1236 -2076 -2391 -2295 -2391 -1980 468 2607 2295 2511 1236 -2076 -2487 -2028 -129 1029 0 0 0 2295 -2295 
-2295 2295 0 0 0 885 375 -2172 -2175 -1410 -645 -96 0 -96 -549 -1314 -1983 -2295 -2079 -1410 -645 -192 -597 -2676 1794 0 0 0 2295 -2295 
-2295 2295 0 0 0 1245 -2577 -1146 -96 0 -312 -1077 -1818 -1794 -1029 -288 0 0 0 0 0 0 -336 -2631 1959 0 0 0 2295 -2295 
-2295 2295 0 0 0 1029 -681 -2796 -2295 -2295 -2607 -564 2772 2580 -732 -2583 -2295 -1602 -837 -72 0 -312 -1389 -876 1218 0 0 0 2295 -2295 
-2295 2295 0 0 0 360 1125 1890 2295 2295 1983 1218 477 501 1266 2007 2607 4065 -642 -72 -312 -1389 -423 1671 453 0 0 0 2295 -2295 
-2295 2295 0 0 0 0 0 0 0 0 0 0 0 0 0 216 1245 660 -1338 -336 -1341 -375 1671 453 0 0 0 0 2295 -2295 
-2295 2295 0 0 0 0 0 0 0 0 0 0 0 0 216 1149 999 -1431 -501 -1005 -471 1743 453 0 0 0 0 0 2295 -2295 
-2295 2295 0 0 0 0 0 0 0 0 0 0 0 0 909 663 -1599 -645 -360 -2082 2292 525 0 0 0 0 0 0 2295 -2295 
-2295 2295 0 0 0 0 0 0 0 0 0 0 0 312 1986 -2004 -669 -360 -1389 -852 1242 24 0 0 0 0 0 0 2295 -2295 
-2295 2295 0 0 0 0 0 0 0 0 0 0 216 1245 660 -1338 -336 -1341 -375 1671 453 0 0 0 0 0 0 0 2295 -2295 
-2295 2295 0 0 0 0 0 0 0 0 0 216 1149 999 -1431 -501 -1005 -471 1743 453 0 0 0 0 0 0 0 0 2295 -2295 
-2295 2295 0 0 0 0 0 0 0 0 0 909 663 -1599 -645 -360 -2082 2292 525 0 0 0 0 0 0 0 0 0 2295 -2295 
-2295 2295 0 0 0 0 0 0 0 0 0 1650 -2340 -693 -360 -1389 -852 1242 24 0 0 0 0 0 0 0 0 0 2295 -2295 
-2295 2295 0 0 0 0 0 0 0 0 0 1794 -2580 -813 -1389 -423 1671 453 0 0 0 0 0 0 0 0 0 0 2295 -2295 
-2295 2295 0 0 0 0 0 0 0 0 0 1101 -609 -3036 -876 1671 453 0 0 0 0 0 0 0 0 0 0 0 2295 -2295 
-2295 2295 0 0 0 0 0 0 0 0 0 360 1125 1578 1218 453 0 0 0 0 0 0 0 0 0 0 0 0 2295 -2295 
-2295 2295 0 0 0 0 0 0 0 0 0 0 0 0 0 0 0 0 0 0 0 0 0 0 0 0 0 0 2295 -2295 
-1530 3825 2295 2295 2295 2295 2295 2295 2295 2295 2295 2295 2295 2295 2295 2295 2295 2295 2295 2295 2295 2295 2295 2295 2295 2295 2295 2295 3825 -1530 
-765 -1530 -2295 -2295 -2295 -2295 -2295 -2295 -2295 -2295 -2295 -2295 -2295 -2295 -2295 -2295 -2295 -2295 -2295 -2295 -2295 -2295 -2295 -2295 -2295 -2295 -2295 -2295 -1530 -765 
